Timestamp           BJCHI.Open     BJCHI.High      BJCHI.Low    BJCHI.Close                .PE 
17/11/15                 7.000          7.000          6.850          6.900               9.960
18/11/15                 6.950          7.050          6.900          6.950              10.040
19/11/15                 7.000          7.050          6.950          6.950              10.040
20/11/15                 6.950          7.050          6.900          6.900               9.960
23/11/15                 7.000          7.000          6.900          6.950              10.040
24/11/15                 6.950          6.950          6.750          6.750               9.750
25/11/15                 6.750          6.900          6.750          6.850               9.890
26/11/15                 6.850          6.900          6.800          6.850               9.890
27/11/15                 6.800          6.850          6.750          6.800               9.820
30/11/15                 6.800          6.900          6.650          6.650               9.600
01/12/15                 6.650          6.750          6.650          6.650               9.600
02/12/15                 6.650          6.850          6.650          6.700               9.680
03/12/15                 6.550          6.650          6.500          6.550               9.460
04/12/15                 6.500          6.600          6.350          6.400               9.240
08/12/15                 6.400          6.450          5.750          5.900               8.520
09/12/15                 6.000          6.000          5.800          5.800               8.380
11/12/15                 5.800          6.000          5.700          5.850               8.450
14/12/15                 5.800          5.850          5.650          5.750               8.300
15/12/15                 5.750          5.950          5.750          5.950               8.590
16/12/15                 5.950          5.950          5.800          5.800               8.380
17/12/15                 5.850          5.950          5.750          5.800               8.380
18/12/15                 5.800          5.850          5.650          5.700               8.230
21/12/15                 5.600          5.600          5.350          5.350               7.730
22/12/15                 5.400          5.400          5.100          5.100               7.360
23/12/15                 5.150          5.250          5.150          5.250               7.580
24/12/15                 5.300          5.350          5.250          5.300               7.650
25/12/15                 5.400          5.500          5.300          5.300               7.650
28/12/15                 5.350          5.450          5.250          5.350               7.730
29/12/15                 5.350          5.400          5.300          5.350               7.730
30/12/15                 5.400          5.600          5.400          5.450               7.870
04/01/16                 5.500          5.700          5.500          5.550               8.010
05/01/16                 5.650          5.650          5.550          5.600               8.090
06/01/16                 5.600          5.750          5.600          5.700               8.230
07/01/16                 5.600          5.750          5.550          5.600               8.090
08/01/16                 5.650          5.700          5.400          5.450               7.870
11/01/16                 5.500          5.550          5.450          5.450               7.870
12/01/16                 5.500          5.750          5.500          5.650               8.160
13/01/16                 5.850          5.850          5.700          5.800               8.380
14/01/16                 5.750          5.900          5.650          5.800               8.380
15/01/16                 5.850          6.050          5.800          5.850               8.450
18/01/16                 5.800          6.000          5.800          5.900               8.520
19/01/16                 5.950          6.000          5.800          5.850               8.450
20/01/16                 5.950          5.950          5.750          5.800               8.380
21/01/16                 5.900          5.900          5.750          5.800               8.380
22/01/16                 5.850          5.900          5.800          5.850               8.450
25/01/16                 5.900          5.900          5.750          5.800               8.380
26/01/16                 5.800          5.850          5.750          5.800               8.380
27/01/16                 5.800          5.850          5.800          5.800               8.380
28/01/16                 5.850          5.850          5.650          5.700               8.230
29/01/16                 5.700          5.800          5.700          5.800               8.380
01/02/16                 5.800          5.800          5.650          5.650               8.160
02/02/16                 5.650          5.800          5.650          5.700               8.230
03/02/16                 5.700          5.800          5.650          5.750               8.300
04/02/16                 5.800          6.000          5.800          6.000               8.660
05/02/16                 6.100          6.350          6.100          6.250               9.030
08/02/16                 6.400          6.550          6.350          6.400               9.240
09/02/16                 6.450          6.750          6.450          6.700               9.680
10/02/16                 6.650          6.750          6.600          6.650               9.600
11/02/16                 6.700          6.800          6.350          6.350               9.170
12/02/16                 6.300          6.550          6.300          6.500               9.390
15/02/16                 6.550          6.700          6.500          6.500               9.390
16/02/16                 6.600          6.600          6.500          6.500               9.390
17/02/16                 6.550          6.550          6.400          6.450               9.310
18/02/16                 6.500          6.600          6.350          6.450               9.310
19/02/16                 6.500          6.600          6.400          6.600               9.530
23/02/16                 6.600          7.000          6.600          6.950              10.040
24/02/16                 6.950          7.250          6.900          7.100              10.250
25/02/16                 7.200          7.200          6.850          7.000              10.110
26/02/16                 7.100          7.100          7.000          7.050               8.540
29/02/16                 7.000          7.150          7.000          7.050               8.540
01/03/16                 7.100          7.200          7.000          7.200               8.730
02/03/16                 7.250          7.400          7.250          7.350               8.910
03/03/16                 7.400          7.400          7.350          7.350               8.910
04/03/16                 7.450          7.550          7.350          7.350               8.910
07/03/16                 7.500          7.500          7.250          7.300               8.850
08/03/16                 7.400          7.400          7.050          7.150               8.670
09/03/16                 7.150          7.400          7.100          7.350               8.910
10/03/16                 7.450          7.450          7.350          7.350               8.910
11/03/16                 7.350          7.400          7.300          7.400               8.970
14/03/16                 7.450          7.450          7.250          7.400               8.970
15/03/16                 7.400          7.400          7.250          7.300               8.850
16/03/16                 7.350          7.400          7.250          7.350               8.910
17/03/16                 7.400          7.500          7.350          7.500               9.090
18/03/16                 7.500          7.500          7.300          7.350               8.910
21/03/16                 7.450          7.450          7.300          7.300               8.850
22/03/16                 7.350          7.400          7.200          7.350               8.910
23/03/16                 7.300          7.350          7.300          7.350               8.910
24/03/16                 7.350          7.400          7.300          7.350               8.910
25/03/16                 7.350          7.350          7.200          7.200               8.730
28/03/16                 7.200          7.350          7.200          7.350               8.910
29/03/16                 7.300          7.350          7.250          7.250               8.790
30/03/16                 7.250          7.300          7.200          7.250               8.790
31/03/16                 7.350          7.350          7.250          7.250               8.790
01/04/16                 7.250          7.250          7.050          7.200               8.730
04/04/16                 7.200          7.250          7.100          7.150               8.670
05/04/16                 7.150          7.250          7.150          7.200               8.730
07/04/16                 7.200          7.250          7.100          7.150               8.670
08/04/16                 7.150          7.250          7.100          7.100               8.600
11/04/16                 7.150          7.150          7.000          7.050               8.540
12/04/16                 7.050          7.100          7.050          7.100               8.600
18/04/16                 7.100          7.300          7.100          7.300               8.850
19/04/16                 7.300          7.350          7.300          7.300               8.850
20/04/16                 7.350          7.350          7.250          7.250               8.790
21/04/16                 7.300          7.400          7.250          7.300               8.850
22/04/16                 7.350          7.400          7.300          7.400               8.970
25/04/16                 7.400          7.400          7.250          7.350               8.910
26/04/16                 7.350          7.350          7.250          7.350               8.910
27/04/16                 7.400          7.450          7.250          7.250               8.790
28/04/16                 7.250          7.250          7.100          7.150               8.670
29/04/16                 6.550          6.600          6.300          6.350               7.700
03/05/16                 6.300          6.300          6.050          6.100               7.390
04/05/16                 6.050          6.100          5.800          5.850               7.090
09/05/16                 5.900          6.000          5.900          5.900               7.150
10/05/16                 5.950          5.950          5.700          5.750               6.970
11/05/16                 5.750          5.900          5.700          5.700               6.910
12/05/16                 5.750          5.800          5.700          5.750               6.970
13/05/16                 5.750          5.950          5.750          5.900               7.150
16/05/16                 6.050          6.100          5.950          6.050               7.330
17/05/16                 6.050          6.100          6.000          6.050               6.460
18/05/16                 6.050          6.100          5.850          5.850               6.250
19/05/16                 5.900          5.950          5.850          5.900               6.300
23/05/16                 5.900          5.950          5.800          5.850               6.250
24/05/16                 5.800          6.000          5.800          5.950               6.360
25/05/16                 6.000          6.050          5.900          5.900               6.300
26/05/16                 5.950          6.000          5.900          5.900               6.300
27/05/16                 5.950          6.000          5.900          5.900               6.300
30/05/16                 5.950          6.150          5.900          6.150               6.570
31/05/16                 6.150          6.250          6.100          6.200               6.620
01/06/16                 6.250          6.300          6.100          6.150               6.570
02/06/16                 6.200          6.250          6.100          6.100               6.520
03/06/16                 6.100          6.150          6.050          6.150               6.570
06/06/16                 6.150          6.200          6.100          6.150               6.570
07/06/16                 6.200          6.550          6.200          6.500               6.940
08/06/16                 6.500          6.550          6.300          6.400               6.840
09/06/16                 6.450          6.700          6.450          6.550               7.000
10/06/16                 6.550          6.600          6.400          6.400               6.840
13/06/16                 6.300          6.400          6.200          6.200               6.620
14/06/16                 6.300          6.350          6.250          6.300               6.730
15/06/16                 6.300          6.350          6.250          6.250               6.680
16/06/16                 6.250          6.300          6.100          6.100               6.520
17/06/16                 6.150          6.200          6.100          6.150               6.570
20/06/16                 6.200          6.250          6.150          6.200               6.620
21/06/16                 6.200          6.400          6.150          6.250               6.680
22/06/16                 6.250          6.300          6.150          6.200               6.620
23/06/16                 6.200          6.250          6.150          6.150               6.570
24/06/16                 6.050          6.150          6.000          6.150               6.570
27/06/16                 6.150          6.350          6.150          6.250               6.680
28/06/16                 6.300          6.400          6.300          6.350               6.780
29/06/16                 6.400          6.400          6.300          6.300               6.730
30/06/16                 6.400          6.400          6.250          6.300               6.730
04/07/16                 6.300          6.300          6.200          6.250               6.680
05/07/16                 6.300          6.300          6.200          6.250               6.680
06/07/16                 6.250          6.300          6.200          6.250               6.680
07/07/16                 6.300          6.300          6.200          6.200               6.620
08/07/16                 6.200          6.250          6.200          6.200               6.620
11/07/16                 6.250          6.350          6.250          6.300               6.730
12/07/16                 6.350          6.350          6.200          6.250               6.680
13/07/16                 6.300          6.300          6.250          6.250               6.680
14/07/16                 6.300          6.350          6.250          6.250               6.680
15/07/16                 6.300          6.350          6.250          6.300               6.730
20/07/16                 6.350          6.900          6.350          6.750               7.210
21/07/16                 6.750          6.800          6.650          6.700               7.160
22/07/16                 6.750          6.850          6.650          6.700               7.160
25/07/16                 6.800          6.850          6.700          6.700               7.160
26/07/16                 6.700          6.750          6.600          6.600               7.050
27/07/16                 6.650          6.650          6.500          6.500               6.940
28/07/16                 6.500          6.600          6.500          6.600               7.050
29/07/16                 6.650          6.650          6.550          6.550               7.000
01/08/16                 6.550          6.600          6.500          6.500               6.940
02/08/16                 6.500          6.500          6.300          6.300               6.730
03/08/16                 6.300          6.450          6.200          6.250               6.680
04/08/16                 6.350          6.350          6.250          6.250               6.680
05/08/16                 6.250          6.300          6.200          6.250               6.680
08/08/16                 6.300          6.400          6.250          6.300               6.730
09/08/16                 6.300          6.450          6.250          6.350               6.780
10/08/16                 6.350          6.400          6.250          6.300               6.730
11/08/16                 6.350          6.350          6.150          6.150               6.570
15/08/16                 6.050          6.300          6.050          6.250               6.680
16/08/16                 6.300          6.350          6.150          6.200               6.570
17/08/16                 6.200          6.300          6.150          6.200               6.570
18/08/16                 6.250          6.300          6.150          6.200               6.570
19/08/16                 6.250          6.300          6.200          6.250               6.620
22/08/16                 6.250          6.350          6.200          6.250               6.620
23/08/16                 6.250          6.300          6.150          6.200               6.570
24/08/16                 6.200          6.250          6.150          6.200               6.570
25/08/16                 6.200          6.250          6.200          6.200               6.570
26/08/16                 6.200          6.250          6.200          6.200               6.570
29/08/16                 6.250          6.250          6.150          6.200               6.570
30/08/16                 6.200          6.250          6.150          6.200               6.570
31/08/16                 6.200          6.250          6.150          6.250               6.620
01/09/16                 6.200          6.250          6.150          6.150               6.520
02/09/16                 6.200          6.200          6.100          6.100               6.460
05/09/16                 6.150          6.150          5.950          5.950               6.310
06/09/16                 5.950          6.050          5.950          6.000               6.360
07/09/16                 6.000          6.050          5.950          5.950               6.310
08/09/16                 6.000          6.000          5.700          5.700               6.040
09/09/16                 5.700          5.850          5.600          5.700               6.040
12/09/16                 5.650          5.700          5.500          5.500               5.830
13/09/16                 5.600          5.700          5.600          5.700               6.040
14/09/16                 5.700          5.700          5.650          5.700               6.040
15/09/16                 5.750          5.900          5.750          5.900               6.250
16/09/16                 5.900          5.900          5.800          5.900               6.250
19/09/16                 5.950          6.000          5.900          6.000               6.360
20/09/16                 6.000          6.050          5.850          5.850               6.200
21/09/16                 5.850          6.000          5.850          5.900               6.250
22/09/16                 5.950          6.000          5.900          5.950               6.310
23/09/16                 5.950          6.000          5.850          5.900               6.250
26/09/16                 5.850          5.950          5.850          5.900               6.250
27/09/16                 5.850          5.950          5.850          5.900               6.250
28/09/16                 5.850          5.950          5.850          5.850               6.200
29/09/16                 5.950          5.950          5.850          5.850               6.200
30/09/16                 5.900          5.900          5.800          5.800               6.150
03/10/16                 5.850          5.850          5.800          5.850               6.200
04/10/16                 5.850          5.950          5.800          5.900               6.250
05/10/16                 5.900          5.950          5.850          5.900               6.250
06/10/16                 5.900          6.100          5.850          6.000               6.360
07/10/16                 6.000          6.000          5.900          5.900               6.250
10/10/16                 5.750          5.800          5.650          5.650               5.990
11/10/16                 5.750          5.850          5.650          5.650               5.990
12/10/16                 5.650          5.700          4.960          5.450               5.780
13/10/16                 5.300          5.400          5.150          5.400               5.720
14/10/16                 5.600          5.900          5.600          5.900               6.250
17/10/16                 5.850          5.900          5.750          5.800               6.150
18/10/16                 5.900          5.900          5.750          5.850               6.200
19/10/16                 5.850          6.050          5.800          5.950               6.310
20/10/16                 5.950          6.000          5.750          5.850               6.200
21/10/16                 5.800          6.250          5.800          6.250               6.620
25/10/16                 6.300          6.350          6.100          6.150               6.520
26/10/16                 6.150          6.150          6.050          6.050               6.410
27/10/16                 6.100          6.250          6.050          6.200               6.570
28/10/16                 6.200          6.200          6.100          6.100               6.460
31/10/16                 6.150          6.200          6.100          6.150               6.520
01/11/16                 6.150          6.250          6.100          6.250               6.620
02/11/16                 6.200          6.250          6.150          6.150               6.520
03/11/16                 6.150          6.250          6.100          6.150               6.520
04/11/16                 6.100          6.200          6.100          6.200               6.570
07/11/16                 6.150          6.200          6.150          6.200               6.570
08/11/16                 6.200          6.200          6.100          6.150               6.520
09/11/16                 6.100          6.150          6.050          6.100               6.460
10/11/16                 6.150          6.200          6.100          6.150               6.520
11/11/16                 6.150          6.200          6.050          6.050               6.410
14/11/16                 6.050          6.050          5.850          5.850               6.200
15/11/16                 5.350          5.350          5.150          5.200               9.430
16/11/16                 5.150          5.300          5.150          5.200               9.330
17/11/16                 5.200          5.200          5.100          5.100               9.150
18/11/16                 5.100          5.100          4.980          5.050               9.060
21/11/16                 5.050          5.150          5.050          5.100               9.150
22/11/16                 5.150          5.150          5.050          5.100               9.150
23/11/16                 5.100          5.150          5.050          5.100               9.150
24/11/16                 5.100          5.150          5.050          5.100               9.150
25/11/16                 5.100          5.150          5.050          5.150               9.240
28/11/16                 5.050          5.100          5.050          5.100               9.150
29/11/16                 5.100          5.150          5.050          5.050               9.060
30/11/16                 5.100          5.100          4.960          5.050               9.060
01/12/16                 5.050          5.050          4.980          5.000               8.970
02/12/16                 5.000          5.000          4.900          4.900               8.790
06/12/16                 4.920          4.940          4.880          4.900               8.790
07/12/16                 4.920          4.980          4.880          4.900               8.790
08/12/16                 4.900          4.940          4.900          4.900               8.790
09/12/16                 4.920          4.940          4.900          4.900               8.790
13/12/16                 4.920          4.940          4.900          4.920               8.820
14/12/16                 4.920          5.050          4.920          4.980               8.930
15/12/16                 4.980          5.150          4.980          5.150               9.240
16/12/16                 5.150          5.300          5.050          5.050               9.060
19/12/16                 5.100          5.150          5.050          5.050               9.060
20/12/16                 5.100          5.100          4.940          4.940               8.860
21/12/16                 4.960          4.960          4.920          4.940               8.860
22/12/16                 4.940          4.960          4.920          4.920               8.820
23/12/16                 4.940          4.960          4.900          4.940               8.860
26/12/16                 4.940          5.150          4.940          5.000               8.970
27/12/16                 5.000          5.200          5.000          5.100               9.150
28/12/16                 5.200          5.200          5.100          5.100               9.150
29/12/16                 5.150          5.150          5.050          5.100               9.150
30/12/16                 5.100          5.100          5.050          5.100               9.150
04/01/17                 5.050          5.100          5.050          5.050               9.060
05/01/17                 5.100          5.200          5.050          5.150               9.240
06/01/17                 5.250          5.350          5.250          5.300               9.510
09/01/17                 5.400          5.500          5.250          5.250               9.420
10/01/17                 5.250          5.350          5.200          5.250               9.420
11/01/17                 5.250          5.400          5.250          5.300               9.510
12/01/17                 5.350          5.350          5.250          5.250               9.420
13/01/17                 5.250          5.350          5.250          5.300               9.510
16/01/17                 5.350          5.350          5.250          5.300               9.510
17/01/17                 5.300          5.450          5.300          5.350               9.600
18/01/17                 5.400          5.400          5.300          5.300               9.510
19/01/17                 5.250          5.350          5.250          5.250               9.420
20/01/17                 5.250          5.300          5.250          5.300               9.510
23/01/17                 5.300          5.300          5.250          5.250               9.420
24/01/17                 5.250          5.350          5.250          5.300               9.510
25/01/17                 5.350          5.350          5.250          5.250               9.420
26/01/17                 5.300          5.300          5.250          5.250               9.420
27/01/17                 5.300          5.300          5.200          5.200               9.330
30/01/17                 5.200          5.300          5.200          5.250               9.420
31/01/17                 5.250          5.250          5.150          5.150               9.240
01/02/17                 5.150          5.250          5.150          5.150               9.240
02/02/17                 5.150          5.200          5.100          5.100               9.150
03/02/17                 5.050          5.150          5.050          5.150               9.240
06/02/17                 5.150          5.200          5.100          5.150               9.240
07/02/17                 5.150          5.200          5.100          5.100               9.150
08/02/17                 5.100          5.150          5.100          5.100               9.150
