Timestamp          FSMART.Open    FSMART.High     FSMART.Low   FSMART.Close                .PE 
14/10/14                 6.500          6.650          4.960          5.100              37.380
15/10/14                 5.100          5.500          4.900          4.940              36.210
16/10/14                 4.980          5.000          4.380          4.460              32.690
17/10/14                 4.620          4.640          4.380          4.500              32.990
20/10/14                 4.580          5.100          4.580          5.050              37.020
21/10/14                 5.100          5.100          4.880          4.980              36.500
22/10/14                 5.050          6.450          4.920          6.450              47.280
24/10/14                 6.150          6.800          6.100          6.300              46.180
27/10/14                 6.500          6.550          5.900          6.000              43.980
28/10/14                 5.950          6.300          5.950          6.000              43.980
29/10/14                 6.050          6.550          6.000          6.100              44.710
30/10/14                 6.150          6.500          6.100          6.300              46.180
31/10/14                 6.500          6.900          6.350          6.500              47.650
03/11/14                 6.550          6.600          6.350          6.400              46.910
04/11/14                 6.450          7.450          6.450          6.750              49.480
05/11/14                 6.800          7.050          6.450          6.550              48.010
06/11/14                 6.650          6.800          6.500          6.550              48.010
07/11/14                 6.600          6.750          6.450          6.450              47.280
10/11/14                 6.550          6.600          6.150          6.300              46.180
11/11/14                 6.350          6.350          5.950          6.250              45.810
12/11/14                 6.250          6.250          6.000          6.050              44.350
13/11/14                 6.100          6.850          6.050          6.800              49.100
14/11/14                 6.850          7.200          6.650          7.100              51.270
17/11/14                 7.150          7.450          6.950          7.250              52.350
18/11/14                 7.300          7.950          7.200          7.400              53.440
19/11/14                 7.550          7.950          7.550          7.850              56.680
20/11/14                 8.000          8.000          7.450          7.600              54.880
21/11/14                 7.650          7.650          7.350          7.550              54.520
24/11/14                 7.600          7.900          7.600          7.750              55.960
25/11/14                 7.600          7.800          7.550          7.650              55.240
26/11/14                 7.650          7.650          7.300          7.300              52.710
27/11/14                 7.300          7.350          7.050          7.300              52.710
28/11/14                 7.300          7.300          7.150          7.150              51.630
01/12/14                 7.050          7.250          7.050          7.200              51.990
02/12/14                 7.300          7.300          7.150          7.200              51.990
03/12/14                 7.200          7.600          7.150          7.600              54.880
04/12/14                 7.500          7.500          7.300          7.400              53.440
08/12/14                 7.350          7.400          7.100          7.150              51.630
09/12/14                 7.200          7.350          7.100          7.200              51.990
11/12/14                 7.100          7.250          6.800          7.000              50.550
12/12/14                 6.850          7.150          6.850          7.100              51.270
15/12/14                 6.900          7.000          6.700          6.900              49.820
16/12/14                 6.900          7.400          6.900          7.400              53.440
17/12/14                 7.400          7.450          7.300          7.400              53.440
18/12/14                 7.450          7.500          7.400          7.500              54.160
19/12/14                 7.400          7.600          7.350          7.600              54.880
22/12/14                 7.600          7.600          7.500          7.550              54.520
23/12/14                 7.550          7.900          7.500          7.750              55.960
24/12/14                 7.800          7.800          7.650          7.750              55.960
25/12/14                 7.700          7.850          7.350          7.600              54.880
26/12/14                 7.600          7.650          7.500          7.500              54.160
29/12/14                 7.500          7.650          7.350          7.600              54.880
30/12/14                 7.600          7.600          7.450          7.500              54.160
05/01/15                 7.500          7.700          7.400          7.600              54.880
06/01/15                 7.600          7.600          7.450          7.500              54.160
07/01/15                 7.500          7.500          7.350          7.400              53.440
08/01/15                 7.450          7.550          7.250          7.350              53.070
09/01/15                 7.350          8.450          7.300          8.300              59.930
12/01/15                 8.300          8.650          8.100          8.150              58.850
13/01/15                 8.200          8.300          8.150          8.250              59.570
14/01/15                 8.350          9.500          8.200          9.400              67.880
15/01/15                 9.300          9.350          8.850          9.100              65.710
16/01/15                 9.050          9.550          9.000          9.200              66.430
19/01/15                 9.350          9.400          9.000          9.000              64.990
20/01/15                 9.050          9.050          8.700          8.800              63.540
21/01/15                 8.650          8.850          8.650          8.850              63.910
22/01/15                 8.900          9.300          8.900          9.200              66.430
23/01/15                 9.100          9.250          8.850          8.900              64.270
26/01/15                 9.000          9.000          8.700          8.800              63.540
27/01/15                 8.800          9.000          8.700          9.000              64.990
28/01/15                 9.000          9.000          8.350          8.550              61.740
29/01/15                 8.500          8.600          8.350          8.500              61.380
30/01/15                 8.700          9.150          8.550          8.950              64.630
02/02/15                 8.900          9.100          8.800          9.000              64.990
03/02/15                 9.100          9.100          8.800          8.850              63.910
04/02/15                 8.950          8.950          8.750          8.750              63.180
05/02/15                 8.750          8.950          8.700          8.950              64.630
06/02/15                 8.950          9.000          8.700          8.950              64.630
09/02/15                 8.950          9.400          8.750          9.200              66.430
10/02/15                 9.200          9.300          9.000          9.200              66.430
11/02/15                 9.300         10.200          9.300         10.200              73.650
12/02/15                10.100         10.100          9.600          9.850              71.130
13/02/15                 9.900         10.000          9.000          9.200              47.960
16/02/15                 9.100          9.450          9.100          9.350              48.740
17/02/15                 9.250          9.400          9.200          9.200              47.960
18/02/15                 9.200          9.500          9.200          9.500              49.520
19/02/15                 9.500          9.900          9.500          9.850              51.340
20/02/15                 9.900         10.000          9.750          9.850              51.340
23/02/15                 9.900         10.600          9.900         10.600              55.250
24/02/15                10.500         10.600         10.200         10.400              54.210
25/02/15                10.500         10.700         10.400         10.500              54.730
26/02/15                10.400         10.700         10.000         10.700              55.770
27/02/15                10.700         12.000         10.600         12.000              62.550
02/03/15                11.500         12.000         11.500         11.600              60.470
03/03/15                11.700         11.700         10.900         11.100              57.860
05/03/15                10.900         11.100         10.500         10.900              56.820
06/03/15                11.300         11.800         11.100         11.600              60.470
09/03/15                11.500         12.200         11.400         11.700              60.990
10/03/15                11.700         11.800         11.400         11.400              59.420
11/03/15                11.400         11.600         11.200         11.600              60.470
12/03/15                11.700         11.700         11.500         11.600              60.470
13/03/15                11.600         12.200         11.500         11.600              60.470
16/03/15                11.600         11.900         11.300         11.300              58.900
17/03/15                11.300         11.600         10.700         11.500              59.940
18/03/15                11.200         11.600         11.200         11.400              59.420
19/03/15                11.500         11.600         11.200         11.200              58.380
20/03/15                11.300         11.400         11.100         11.300              58.900
23/03/15                11.400         11.400         10.800         10.800              56.300
24/03/15                10.700         10.700         10.000         10.500              54.730
25/03/15                10.400         10.600         10.400         10.500              54.730
26/03/15                10.500         10.500         10.100         10.100              52.650
27/03/15                 9.800         10.300          9.800         10.000              52.130
30/03/15                 9.900         10.800          9.900         10.700              55.770
31/03/15                10.700         11.000         10.700         10.800              56.300
01/04/15                10.900         11.500         10.900         11.500              59.940
02/04/15                11.700         11.900         11.500         11.700              60.990
03/04/15                11.800         11.900         11.600         11.800              61.510
07/04/15                11.900         12.000         11.700         11.700              60.990
08/04/15                11.900         11.900         11.600         11.800              61.510
09/04/15                11.800         12.200         11.700         12.100              63.070
10/04/15                12.200         13.000         12.200         13.000              67.760
16/04/15                13.300         13.300         12.600         13.000              67.760
17/04/15                12.900         12.900         12.500         12.600              65.680
20/04/15                12.600         12.700         12.400         12.700              66.200
21/04/15                12.800         12.800         12.000         12.200              63.590
22/04/15                12.200         12.400         11.900         12.100              63.070
23/04/15                12.100         12.300         11.700         11.800              61.510
24/04/15                11.600         12.000         11.500         12.000              62.550
27/04/15                12.000         12.400         11.800         12.100              63.070
28/04/15                12.000         12.100         11.800         12.100              63.070
29/04/15                12.200         12.200         11.800         12.000              62.550
30/04/15                11.800         12.100         11.800         11.900              62.030
06/05/15                12.000         12.000         11.400         11.600              60.470
07/05/15                11.100         11.400         10.800         11.300              58.900
08/05/15                11.300         11.500         11.000         11.500              50.690
11/05/15                11.600         12.000         11.500         11.500              50.690
12/05/15                11.500         11.500         11.100         11.300              49.810
13/05/15                11.400         12.000         11.000         11.800              52.010
14/05/15                11.900         11.900         11.600         11.600              51.130
15/05/15                11.400         11.800         11.400         11.800              52.010
18/05/15                11.800         11.800         11.600         11.800              52.010
19/05/15                11.800         11.800         11.600         11.800              52.010
20/05/15                11.900         11.900         11.700         11.700              51.570
21/05/15                11.700         11.700         11.500         11.500              50.690
22/05/15                11.500         11.600         11.300         11.500              50.690
25/05/15                11.600         11.600         11.100         11.300              49.810
26/05/15                11.300         11.300         11.000         11.000              48.490
27/05/15                10.900         11.300         10.900         11.100              48.930
28/05/15                11.100         11.300         11.000         11.000              48.490
29/05/15                11.000         11.300         11.000         11.100              48.930
02/06/15                11.300         11.500         11.000         11.100              48.930
03/06/15                11.200         11.300         11.100         11.100              48.930
04/06/15                11.200         12.100         11.100         12.000              52.900
05/06/15                12.000         12.200         11.700         12.000              52.900
08/06/15                12.000         12.300         12.000         12.200              53.780
09/06/15                12.200         12.300         11.800         11.800              52.010
10/06/15                11.900         12.100         11.800         12.000              52.900
11/06/15                12.100         12.200         12.100         12.200              53.780
12/06/15                12.300         12.300         12.000         12.100              53.340
15/06/15                12.000         12.000         11.900         11.900              52.450
16/06/15                11.800         12.100         11.800         11.900              52.450
17/06/15                12.000         12.100         11.900         12.100              53.340
18/06/15                12.100         12.200         11.800         11.800              52.010
19/06/15                11.800         11.900         11.700         11.700              51.570
22/06/15                11.700         11.900         11.700         11.700              51.570
23/06/15                11.900         12.000         11.800         11.800              52.010
24/06/15                11.900         13.000         11.900         12.900              56.860
25/06/15                12.900         13.900         12.700         13.200              58.180
26/06/15                13.300         13.500         13.100         13.200              58.180
29/06/15                12.800         13.100         12.700         13.100              57.740
30/06/15                13.200         13.200         13.100         13.100              57.740
02/07/15                13.400         14.000         13.300         13.600              59.950
03/07/15                13.600         14.100         13.600         13.800              60.830
06/07/15                13.700         13.700         13.300         13.400              59.070
07/07/15                13.400         14.000         13.400         13.700              60.390
08/07/15                13.600         13.800         13.200         13.400              59.070
09/07/15                13.400         13.800         13.200         13.700              60.390
10/07/15                13.800         13.800         13.600         13.800              60.830
13/07/15                13.800         14.000         13.700         13.900              61.270
14/07/15                14.200         14.600         14.200         14.400              63.470
15/07/15                14.500         14.500         14.100         14.100              62.150
16/07/15                14.400         14.400         13.500         13.600              59.950
17/07/15                13.900         14.200         13.700         13.800              60.830
20/07/15                13.800         13.800         13.500         13.500              59.510
21/07/15                13.400         13.700         13.200         13.600              59.950
22/07/15                13.500         13.900         13.500         13.800              60.830
23/07/15                13.800         14.400         13.800         14.300              63.030
24/07/15                14.200         14.500         14.000         14.200              62.590
27/07/15                14.200         14.300         13.900         14.000              61.710
28/07/15                13.800         14.000         13.600         13.700              60.390
29/07/15                13.800         13.800         13.600         13.800              60.830
31/07/15                13.800         14.300         13.800         14.200              62.590
03/08/15                14.300         14.800         14.300         14.500              63.910
04/08/15                14.600         14.700         14.300         14.700              64.800
05/08/15                14.900         15.100         14.500         14.500              63.910
06/08/15                14.700         15.100         14.500         14.800              65.240
07/08/15                15.200         15.300         14.900         15.000              56.520
10/08/15                15.200         15.300         14.800         14.900              56.150
11/08/15                15.000         15.000         14.400         14.600              55.020
13/08/15                14.300         14.400         13.700         14.300              53.890
14/08/15                14.300         14.300         14.100         14.200              53.510
17/08/15                14.200         14.300         14.100         14.300              53.890
18/08/15                13.800         14.300         13.800         14.300              53.890
19/08/15                14.300         14.600         14.300         14.400              54.260
20/08/15                14.400         14.600         14.300         14.300              53.890
21/08/15                14.400         14.400         14.000         14.000              52.760
24/08/15                13.600         13.700         13.000         13.200              49.740
25/08/15                13.500         13.500         12.400         13.100              49.360
26/08/15                13.100         13.800         13.000         13.000              48.990
27/08/15                13.300         13.700         13.100         13.700              51.630
28/08/15                13.900         13.900         13.500         13.500              50.870
31/08/15                13.500         13.800         13.500         13.600              51.250
01/09/15                13.800         14.100         13.700         13.900              52.380
02/09/15                13.800         14.100         13.600         14.100              53.130
03/09/15                14.100         14.200         13.800         14.200              53.510
04/09/15                13.900         13.900         13.800         13.900              52.380
07/09/15                13.800         14.000         13.800         13.900              52.380
08/09/15                13.900         14.100         13.800         14.100              53.130
09/09/15                14.100         14.200         14.000         14.200              53.510
10/09/15                14.000         14.300         14.000         14.300              53.890
11/09/15                14.300         14.500         14.100         14.100              53.130
14/09/15                14.000         14.100         13.900         13.900              52.380
15/09/15                13.800         14.000         13.200         13.200              49.740
16/09/15                13.300         13.400         13.100         13.300              50.120
17/09/15                13.300         13.300         13.000         13.300              50.120
18/09/15                13.300         13.300         13.100         13.300              50.120
21/09/15                13.100         13.300         13.000         13.100              49.360
22/09/15                13.100         13.200         13.000         13.000              48.990
23/09/15                13.000         13.200         13.000         13.100              49.360
24/09/15                13.100         13.200         13.000         13.000              48.990
25/09/15                13.100         13.100         12.900         13.100              49.360
28/09/15                13.100         13.100         12.700         12.700              47.860
29/09/15                12.700         12.800         12.500         12.500              47.100
30/09/15                12.700         12.700         12.500         12.600              47.480
01/10/15                12.600         12.900         12.600         12.700              47.860
02/10/15                12.700         13.400         12.700         13.000              48.990
05/10/15                13.000         13.200         12.900         13.000              48.990
06/10/15                13.200         13.200         13.000         13.100              49.360
07/10/15                13.100         13.300         13.000         13.300              50.120
08/10/15                13.400         13.400         13.100         13.100              49.360
09/10/15                13.200         13.300         13.100         13.200              49.740
12/10/15                13.200         13.300         13.100         13.200              49.740
13/10/15                13.200         13.900         13.200         13.700              51.630
14/10/15                13.800         14.300         13.800         14.100              53.130
15/10/15                14.000         14.200         13.700         14.200              53.510
16/10/15                14.200         14.200         13.900         13.900              52.380
19/10/15                14.000         14.100         13.900         14.000              52.760
20/10/15                14.100         14.200         14.000         14.100              53.130
21/10/15                14.200         14.200         14.000         14.000              52.760
22/10/15                14.000         14.000         13.900         13.900              52.380
26/10/15                14.100         14.200         13.900         14.000              52.760
27/10/15                14.100         14.100         13.900         14.000              52.760
28/10/15                14.000         14.000         13.700         13.700              51.630
29/10/15                13.700         13.900         13.700         13.700              51.630
30/10/15                13.800         13.900         13.700         13.700              51.630
02/11/15                13.800         14.200         13.800         14.200              53.510
03/11/15                14.200         14.400         14.200         14.400              54.260
04/11/15                14.400         15.000         14.300         14.800              55.770
05/11/15                14.900         15.500         14.700         15.500              58.410
06/11/15                15.600         15.600         15.300         15.400              58.030
09/11/15                15.500         15.500         15.000         15.200              57.280
10/11/15                15.100         15.200         14.900         15.100              56.900
11/11/15                15.200         15.400         15.000         15.100              56.900
12/11/15                15.300         15.700         15.200         15.500              50.040
13/11/15                15.600         15.600         15.300         15.600              50.360
16/11/15                15.200         15.600         15.200         15.600              50.360
17/11/15                15.600         16.000         15.600         15.600              50.360
18/11/15                15.700         15.900         15.400         15.400              49.720
19/11/15                15.500         15.600         15.200         15.200              49.070
20/11/15                15.200         15.700         15.200         15.500              50.040
23/11/15                15.600         16.100         15.600         16.100              51.980
24/11/15                16.200         16.200         15.600         16.100              51.980
25/11/15                16.200         16.300         15.900         16.200              52.300
26/11/15                16.300         16.300         15.800         16.000              51.650
27/11/15                15.900         16.000         15.700         15.700              50.690
30/11/15                15.600         15.900         15.600         15.800              51.010
01/12/15                15.800         15.900         15.600         15.600              50.360
02/12/15                15.600         15.700         15.500         15.500              50.040
03/12/15                15.500         15.600         15.200         15.500              50.040
04/12/15                15.300         15.300         15.000         15.200              49.070
08/12/15                15.000         15.100         14.900         15.100              48.750
09/12/15                15.000         15.300         15.000         15.200              49.070
11/12/15                15.300         15.300         14.900         15.200              49.070
14/12/15                15.000         15.100         14.800         15.100              48.750
15/12/15                15.100         15.200         15.000         15.200              49.070
16/12/15                15.300         15.300         15.000         15.200              49.070
17/12/15                15.100         15.100         14.900         15.100              48.750
18/12/15                15.000         15.000         14.500         14.700              47.460
21/12/15                14.500         14.600         14.400         14.400              46.490
22/12/15                14.300         14.600         14.200         14.500              46.810
23/12/15                14.400         14.900         14.300         14.900              48.100
24/12/15                14.900         15.100         14.800         15.100              48.750
25/12/15                15.100         15.200         15.000         15.100              48.750
28/12/15                15.100         15.100         15.000         15.100              48.750
29/12/15                15.000         15.300         14.900         15.300              49.390
30/12/15                15.200         15.400         15.100         15.400              49.720
04/01/16                15.400         15.500         15.200         15.500              50.040
05/01/16                15.500         15.500         15.200         15.400              49.720
06/01/16                15.300         15.300         14.900         15.000              48.430
07/01/16                15.000         15.000         14.700         14.700              47.460
08/01/16                14.700         15.000         14.600         15.000              48.430
11/01/16                14.900         15.000         14.800         15.000              48.430
12/01/16                15.000         15.000         14.700         14.800              47.780
13/01/16                14.900         15.300         14.900         15.200              49.070
14/01/16                15.200         15.400         15.100         15.100              48.750
15/01/16                15.200         15.300         15.100         15.200              49.070
18/01/16                15.200         15.300         15.100         15.200              49.070
19/01/16                15.200         15.300         15.100         15.300              49.390
20/01/16                15.300         15.400         15.200         15.200              49.070
21/01/16                15.300         15.800         15.300         15.300              49.390
22/01/16                15.400         15.400         15.200         15.200              49.070
25/01/16                15.300         15.300         15.100         15.300              49.390
26/01/16                15.100         15.200         15.000         15.100              48.750
27/01/16                15.000         15.200         15.000         15.200              49.070
28/01/16                15.200         15.200         15.100         15.200              49.070
29/01/16                15.300         15.400         15.200         15.200              49.070
01/02/16                15.200         15.300         15.100         15.300              49.390
02/02/16                15.200         15.400         15.200         15.200              49.070
03/02/16                15.200         15.300         15.200         15.300              49.390
04/02/16                15.300         15.300         15.100         15.300              49.390
05/02/16                15.200         15.400         15.200         15.400              49.720
08/02/16                15.300         15.400         15.300         15.400              49.720
09/02/16                15.400         15.400         15.200         15.300              49.390
10/02/16                15.300         15.300         15.200         15.200              49.070
11/02/16                15.200         15.400         15.000         15.000              48.430
12/02/16                15.100         15.200         14.500         14.500              42.690
15/02/16                14.800         14.800         14.400         14.400              42.390
16/02/16                14.500         14.700         14.400         14.400              42.390
17/02/16                14.500         14.500         13.600         13.600              40.040
18/02/16                13.600         13.800         13.500         13.500              39.740
19/02/16                13.500         13.600         13.500         13.600              40.040
23/02/16                13.600         13.600         12.900         13.100              38.570
24/02/16                13.100         13.700         13.000         13.700              40.330
25/02/16                13.700         13.700         13.500         13.600              40.040
26/02/16                13.700         13.900         13.600         13.900              40.920
29/02/16                13.900         13.900         13.600         13.700              40.330
01/03/16                13.700         13.800         13.700         13.800              40.630
02/03/16                13.800         13.800         13.600         13.600              40.040
03/03/16                13.700         13.700         13.400         13.500              39.740
04/03/16                13.700         13.700         12.800         12.900              37.980
07/03/16                13.000         13.100         12.900         13.100              38.570
08/03/16                13.000         13.100         12.800         12.800              37.680
09/03/16                12.800         12.800         11.900         12.000              35.330
10/03/16                12.000         12.300         11.800         12.000              35.330
11/03/16                12.000         12.000         11.600         11.800              34.740
14/03/16                12.000         13.100         11.900         12.800              37.680
15/03/16                12.700         13.300         12.600         13.100              38.570
16/03/16                13.300         13.300         13.000         13.100              38.570
17/03/16                13.200         13.700         13.200         13.500              39.740
18/03/16                13.500         13.600         12.900         13.200              38.860
21/03/16                13.200         13.200         12.600         13.100              38.570
22/03/16                13.100         13.100         12.800         12.900              37.980
23/03/16                12.800         13.000         12.800         13.000              38.270
24/03/16                13.000         13.000         12.900         12.900              37.980
25/03/16                12.900         13.000         12.800         12.800              37.680
28/03/16                12.800         13.000         12.700         12.800              37.680
29/03/16                12.800         13.200         12.800         12.900              37.980
30/03/16                13.000         13.000         12.900         12.900              37.980
31/03/16                12.900         13.000         12.900         12.900              37.980
01/04/16                12.900         13.000         12.500         12.500              36.800
04/04/16                12.500         12.700         12.500         12.700              37.390
05/04/16                12.800         12.800         12.600         12.700              37.390
07/04/16                12.800         13.400         12.800         13.200              38.860
08/04/16                13.300         13.600         13.200         13.400              39.450
11/04/16                13.300         13.700         13.300         13.600              40.040
12/04/16                13.600         14.100         13.600         14.000              41.220
18/04/16                14.100         14.100         13.900         13.900              40.920
19/04/16                14.000         14.000         13.800         13.900              40.920
20/04/16                13.900         13.900         13.700         13.800              40.630
21/04/16                13.700         13.800         13.700         13.800              40.630
22/04/16                13.800         14.200         13.800         14.100              41.510
25/04/16                14.200         14.400         14.200         14.300              42.100
26/04/16                14.300         14.400         14.200         14.300              42.100
27/04/16                14.200         14.400         14.000         14.200              41.800
28/04/16                14.200         14.500         14.200         14.400              42.390
29/04/16                14.400         14.400         14.200         14.300              42.100
03/05/16                14.300         14.400         14.200         14.300              42.100
04/05/16                14.200         14.200         14.100         14.200              41.800
09/05/16                14.200         14.300         14.100         14.100              41.510
10/05/16                14.200         14.600         14.200         14.600              42.980
11/05/16                14.800         15.200         14.700         14.900              43.870
12/05/16                14.900         15.200         14.800         15.100              44.450
13/05/16                15.300         15.600         15.300         15.500              41.030
16/05/16                15.600         15.600         14.900         14.900              39.440
17/05/16                14.900         15.000         14.800         14.800              39.170
18/05/16                14.800         14.900         14.800         14.900              39.440
19/05/16                14.900         15.000         14.700         14.900              39.440
23/05/16                14.900         14.900         14.700         14.900              39.440
24/05/16                14.800         15.000         14.800         15.000              39.700
25/05/16                15.000         15.000         14.900         15.000              39.700
26/05/16                15.000         15.000         14.900         15.000              39.700
27/05/16                14.900         15.100         14.900         15.000              39.700
30/05/16                15.000         15.100         14.700         14.700              38.910
31/05/16                14.800         14.800         14.100         14.300              37.850
01/06/16                14.200         14.300         14.000         14.200              37.590
02/06/16                14.200         14.500         14.200         14.400              38.120
03/06/16                14.500         14.800         14.300         14.800              39.170
06/06/16                14.700         15.200         14.600         15.100              39.970
07/06/16                15.100         15.200         14.800         14.800              39.170
08/06/16                14.800         15.100         14.800         15.000              39.700
09/06/16                15.000         15.500         15.000         15.400              40.760
10/06/16                15.400         15.500         15.200         15.200              40.230
13/06/16                15.200         15.300         15.100         15.200              40.230
14/06/16                15.100         15.500         15.100         15.500              41.030
15/06/16                15.500         15.600         15.300         15.400              40.760
16/06/16                15.600         16.400         15.600         15.900              42.090
17/06/16                16.100         16.200         15.700         15.700              41.560
20/06/16                15.800         16.000         15.700         16.000              42.350
21/06/16                16.000         16.400         15.700         16.400              43.410
22/06/16                16.500         16.600         16.000         16.000              42.350
23/06/16                16.100         16.100         15.800         15.900              42.090
24/06/16                15.600         15.900         15.300         15.600              41.290
27/06/16                15.500         15.900         15.500         15.700              41.560
28/06/16                15.800         16.200         15.600         16.000              42.350
29/06/16                16.000         16.100         15.700         15.700              41.560
30/06/16                15.700         16.000         15.700         16.000              42.350
04/07/16                16.000         16.100         15.800         15.900              42.090
05/07/16                15.800         15.900         15.600         15.700              41.560
06/07/16                15.600         16.100         15.600         16.000              42.350
07/07/16                16.000         16.500         15.900         16.200              42.880
08/07/16                16.300         16.300         16.000         16.000              42.350
11/07/16                16.100         16.200         16.000         16.100              42.620
12/07/16                16.200         16.900         16.100         16.600              43.940
13/07/16                16.700         17.200         16.300         16.300              43.150
14/07/16                16.400         17.100         16.400         16.700              44.200
15/07/16                16.700         17.500         16.700         16.900              44.730
20/07/16                16.800         17.100         16.700         16.800              44.470
21/07/16                16.700         16.900         16.500         16.500              43.670
22/07/16                16.700         16.700         16.300         16.700              44.200
25/07/16                16.600         16.600         16.500         16.500              43.670
26/07/16                16.700         16.900         16.500         16.900              44.730
27/07/16                17.000         17.300         16.900         17.100              45.260
28/07/16                17.200         17.400         17.100         17.200              45.530
29/07/16                17.400         17.700         17.400         17.600              46.590
01/08/16                17.700         17.700         17.400         17.500              46.320
02/08/16                16.500         17.200         16.500         17.000              45.000
03/08/16                16.900         17.100         16.700         16.800              44.470
04/08/16                16.800         17.000         16.500         16.500              43.670
05/08/16                16.700         16.700         16.300         16.500              43.670
08/08/16                16.600         16.700         16.300         16.600              43.940
09/08/16                16.600         16.600         16.400         16.400              43.410
10/08/16                16.300         16.500         15.300         15.800              41.820
11/08/16                15.600         16.200         15.500         15.500              37.490
15/08/16                15.400         15.700         15.400         15.400              37.250
16/08/16                15.600         15.700         15.000         15.000              36.280
17/08/16                15.000         15.400         14.700         15.400              37.250
18/08/16                15.400         15.600         15.100         15.100              36.520
19/08/16                15.000         15.100         14.500         14.800              35.800
22/08/16                14.800         14.900         14.600         14.600              35.310
23/08/16                14.600         15.300         14.000         15.200              36.760
24/08/16                15.300         15.800         15.200         15.400              37.250
25/08/16                15.700         15.700         15.300         15.300              37.010
26/08/16                15.500         15.500         15.200         15.200              36.760
29/08/16                15.400         15.500         15.100         15.500              37.490
30/08/16                15.600         15.900         15.600         15.600              37.730
31/08/16                15.600         15.600         15.300         15.400              37.250
01/09/16                15.500         16.100         15.500         15.900              38.460
02/09/16                15.800         16.300         15.700         16.100              38.940
05/09/16                16.100         16.200         15.600         15.700              37.970
06/09/16                15.600         15.800         15.500         15.800              38.210
07/09/16                15.800         16.000         15.400         15.400              37.250
08/09/16                15.500         15.500         14.500         14.800              35.800
09/09/16                14.500         14.900         14.300         14.600              35.310
12/09/16                14.400         14.400         14.000         14.100              34.100
13/09/16                14.500         14.500         14.100         14.300              34.590
14/09/16                14.300         14.500         14.200         14.500              35.070
15/09/16                14.600         14.800         14.500         14.600              35.310
16/09/16                14.700         14.800         14.600         14.800              35.800
19/09/16                15.000         15.200         14.900         15.200              36.760
20/09/16                15.200         15.200         14.700         14.800              35.800
21/09/16                14.900         15.100         14.800         14.800              35.800
22/09/16                14.900         15.100         14.800         15.000              36.280
23/09/16                15.000         15.000         14.800         15.000              36.280
26/09/16                14.800         15.000         14.800         14.800              35.800
27/09/16                14.900         15.000         14.800         14.900              36.040
28/09/16                15.000         15.000         14.700         14.800              35.800
29/09/16                14.800         14.900         14.600         14.600              35.310
30/09/16                14.600         14.800         14.600         14.600              35.310
03/10/16                14.900         15.400         14.900         15.400              37.250
04/10/16                15.700         16.800         15.700         16.800              40.630
05/10/16                16.900         16.900         16.500         16.500              39.910
06/10/16                16.600         16.700         16.300         16.700              40.390
07/10/16                16.700         16.700         16.300         16.700              40.390
10/10/16                15.500         16.500         15.500         15.800              38.210
11/10/16                16.000         16.300         15.600         15.700              37.970
12/10/16                15.500         15.600         13.500         15.400              37.250
13/10/16                14.800         15.500         14.700         15.200              36.760
14/10/16                16.000         16.400         15.800         16.300              39.420
17/10/16                16.100         16.600         15.900         16.300              39.420
18/10/16                16.100         16.300         16.000         16.100              38.940
19/10/16                16.200         16.400         16.100         16.400              39.670
20/10/16                16.400         16.400         16.100         16.100              38.940
21/10/16                16.100         16.600         16.000         16.600              40.150
25/10/16                16.300         16.500         16.200         16.300              39.420
26/10/16                16.300         17.100         16.200         17.100              41.360
27/10/16                17.600         17.600         16.900         17.000              41.120
28/10/16                17.200         17.200         16.700         16.800              40.630
31/10/16                17.000         17.000         16.600         16.800              40.630
01/11/16                16.800         16.900         16.500         16.500              39.910
02/11/16                16.500         16.700         16.400         16.400              39.670
03/11/16                16.400         16.700         16.100         16.100              38.940
04/11/16                15.800         16.000         15.800         15.800              38.210
07/11/16                15.800         16.000         15.600         15.800              38.210
08/11/16                16.000         16.700         15.900         16.700              40.390
09/11/16                16.300         17.000         16.300         17.000              41.120
10/11/16                17.100         17.100         16.500         16.500              39.910
11/11/16                16.700         16.700         16.000         16.000              35.150
14/11/16                16.200         16.500         16.000         16.300              35.810
15/11/16                16.400         16.800         16.200         16.700              36.680
16/11/16                16.800         17.600         16.700         17.300              38.000
17/11/16                17.500         17.600         17.200         17.200              37.780
18/11/16                17.100         17.100         16.900         17.000              37.340
21/11/16                17.100         17.500         17.000         17.200              37.780
22/11/16                17.300         18.500         17.200         17.900              39.320
23/11/16                18.000         18.300         18.000         18.100              39.760
24/11/16                18.200         18.500         18.100         18.400              40.420
25/11/16                18.500         18.700         18.200         18.300              40.200
28/11/16                18.300         18.600         18.000         18.200              39.980
29/11/16                18.300         18.300         17.900         18.000              39.540
30/11/16                18.300         18.900         18.200         18.900              41.520
01/12/16                18.900         18.900         18.600         18.700              41.080
02/12/16                18.700         19.200         18.500         18.600              40.860
06/12/16                18.700         18.900         18.600         18.700              41.080
07/12/16                18.900         19.100         18.800         19.100              41.960
08/12/16                19.200         19.700         19.100         19.300              42.400
09/12/16                19.400         19.700         19.000         19.100              41.960
13/12/16                19.200         19.200         18.800         18.900              41.520
14/12/16                18.900         19.000         18.800         19.000              41.740
15/12/16                18.800         19.000         18.800         18.800              41.300
16/12/16                18.700         19.000         18.700         18.800              41.300
19/12/16                19.000         19.200         18.900         18.900              41.520
20/12/16                18.900         19.300         18.800         18.800              41.300
21/12/16                19.000         19.000         18.700         18.800              41.300
22/12/16                18.800         18.800         18.200         18.300              40.200
23/12/16                18.200         18.600         18.100         18.400              40.420
26/12/16                18.400         18.800         18.300         18.500              40.640
27/12/16                18.500         19.000         18.500         19.000              41.740
28/12/16                19.100         19.300         18.900         19.100              41.960
29/12/16                19.000         19.100         18.900         19.100              41.960
30/12/16                19.100         19.500         19.000         19.300              42.400
04/01/17                19.300         19.400         19.200         19.300              42.400
05/01/17                19.300         19.800         19.300         19.800              43.490
06/01/17                19.900         20.000         19.600         19.900              43.710
09/01/17                19.900         19.900         19.800         19.900              43.710
10/01/17                19.900         20.000         19.700         19.800              43.490
11/01/17                19.700         21.000         19.700         20.700              45.470
12/01/17                20.600         20.800         20.500         20.800              45.690
13/01/17                20.700         21.300         20.500         21.100              46.350
16/01/17                21.100         21.200         20.900         20.900              45.910
17/01/17                21.200         21.500         20.900         21.200              46.570
18/01/17                21.400         21.400         21.300         21.300              46.790
19/01/17                21.400         21.500         21.000         21.500              47.230
20/01/17                21.400         21.500         21.100         21.300              46.790
23/01/17                21.100         21.100         20.700         21.000              46.130
24/01/17                21.100         21.100         20.400         20.400              44.810
25/01/17                20.400         20.400         19.700         19.800              43.490
26/01/17                19.600         19.700         18.600         18.600              40.860
27/01/17                18.500         19.200         17.400         18.100              39.760
30/01/17                18.300         19.000         18.300         18.800              41.300
31/01/17                18.900         18.900         18.600         18.700              41.080
01/02/17                18.600         18.800         18.600         18.700              41.080
02/02/17                18.700         18.700         18.500         18.500              40.640
03/02/17                18.500         18.800         18.400         18.800              41.300
06/02/17                19.000         19.200         18.800         19.000              41.740
07/02/17                19.000         19.200         18.800         18.800              41.300
08/02/17                19.000         19.000         18.800         18.900              41.520
09/02/17                19.000         19.000         18.700         18.800              41.300
10/02/17                19.000         19.200         18.800         18.900              41.520
14/02/17                18.800         19.100         18.800         19.000              41.740
15/02/17                19.000         19.100         18.800         19.000              41.740
16/02/17                19.100         19.700         19.000         19.500              42.840
17/02/17                19.500         19.600         19.300         19.500              42.840
20/02/17                19.800         19.800         19.300         19.300              36.730
21/02/17                19.500         19.500         19.300         19.400              36.920
22/02/17                19.400         19.400         19.100         19.300              36.730
23/02/17                19.200         19.300         19.000         19.100              36.350
24/02/17                19.200         19.200         19.000         19.000              36.160
27/02/17                19.200         19.200         19.000         19.100              36.350
28/02/17                19.100         19.200         18.900         18.900              35.970
01/03/17                18.900         18.900         18.400         18.500              35.210
02/03/17                18.600         18.800         18.500         18.500              35.210
03/03/17                18.500         18.700         18.400         18.500              35.210
06/03/17                18.400         18.500         18.000         18.100              34.450
07/03/17                18.200         18.200         17.900         17.900              34.070
08/03/17                18.200         18.300         17.600         18.000              34.260
09/03/17                18.000         18.400         17.900         18.000              34.260
10/03/17                18.000         18.100         17.900         18.000              34.260
13/03/17                18.000         18.000         17.700         17.900              34.070
14/03/17                17.900         17.900         17.500         17.600              33.500
15/03/17                17.900         18.300         17.600         18.200              34.640
16/03/17                18.200         18.500         18.100         18.500              35.210
17/03/17                18.400         18.500         18.200         18.300              34.830
20/03/17                18.200         18.300         18.000         18.100              34.450
21/03/17                18.100         18.300         18.000         18.000              34.260
22/03/17                18.200         18.300         18.000         18.300              34.830
23/03/17                18.300         18.300         18.100         18.100              34.450
24/03/17                18.200         18.200         18.000         18.100              34.450
27/03/17                18.100         18.300         18.100         18.200              34.640
28/03/17                18.300         18.300         18.100         18.200              34.640
29/03/17                18.200         18.200         18.000         18.100              34.450
30/03/17                18.100         18.100         17.900         18.000              34.260
31/03/17                18.000         18.400         18.000         18.300              34.830
03/04/17                18.300         18.400         18.000         18.200              34.640
04/04/17                18.200         18.300         18.200         18.200              34.640
05/04/17                18.100         18.300         18.100         18.100              34.450
07/04/17                18.100         18.300         17.900         18.200              34.640
10/04/17                18.300         18.600         18.300         18.600              35.400
11/04/17                18.600         18.700         18.500         18.600              35.400
12/04/17                18.500         18.500         18.200         18.300              34.830
17/04/17                18.000         18.300         18.000         18.300              34.830
18/04/17                18.100         18.300         18.100         18.200              34.640
19/04/17                18.100         18.200         18.000         18.000              34.260
20/04/17                18.100         18.200         18.000         18.000              34.260
21/04/17                18.100         18.100         18.000         18.000              34.260
24/04/17                18.300         18.300         17.700         17.900              34.070
25/04/17                18.000         18.100         17.700         18.000              34.260
26/04/17                17.900         18.000         17.700         17.800              33.880
27/04/17                17.800         17.900         17.700         17.800              33.880
28/04/17                17.800         17.800         17.700         17.800              33.880
02/05/17                17.800         17.900         17.700         17.700              33.690
03/05/17                17.900         18.100         17.800         17.900              34.070
04/05/17                17.900         18.100         17.900         18.100              34.450
05/05/17                18.100         18.300         18.100         18.300              34.830
08/05/17                18.300         18.300         18.100         18.300              34.830
09/05/17                18.300         18.300         18.000         18.200              34.640
11/05/17                18.200         18.200         17.500         17.800              33.880
12/05/17                18.000         18.000         17.400         17.400              29.990
15/05/17                17.600         17.900         17.500         17.800              30.680
16/05/17                17.900         18.800         17.900         18.700              32.230
17/05/17                18.700         19.200         18.700         18.900              32.580
18/05/17                18.900         19.000         18.600         18.900              32.580
19/05/17                18.900         19.000         18.800         18.900              32.580
22/05/17                19.000         19.200         18.700         18.800              32.410
23/05/17                18.900         19.100         18.800         18.900              32.580
24/05/17                18.900         19.000         18.800         18.900              32.580
25/05/17                18.900         19.100         18.900         19.000              32.750
26/05/17                18.900         19.100         18.900         19.100              32.920
29/05/17                19.100         19.600         19.000         19.400              33.440
30/05/17                19.500         19.700         19.200         19.200              33.100
31/05/17                19.400         19.400         18.800         19.100              32.920
01/06/17                19.100         19.100         18.800         18.800              32.410
02/06/17                19.000         19.100         18.800         19.000              32.750
05/06/17                19.100         19.100         18.700         18.700              32.230
06/06/17                18.700         18.800         18.400         18.400              31.720
07/06/17                18.400         18.600         18.400         18.400              31.720
08/06/17                18.400         18.500         18.300         18.300              31.540
09/06/17                18.300         19.100         18.200         19.000              32.750
12/06/17                19.100         19.100         18.400         18.500              31.890
13/06/17                18.500         18.700         18.500         18.600              32.060
14/06/17                18.600         18.600         18.500         18.600              32.060
15/06/17                18.600         18.700         18.500         18.500              31.890
16/06/17                18.500         18.600         18.500         18.600              32.060
19/06/17                18.600         18.600         18.300         18.300              31.540
20/06/17                18.300         18.500         18.300         18.300              31.540
21/06/17                18.400         18.600         18.300         18.500              31.890
22/06/17                18.600         19.500         18.600         19.200              33.100
23/06/17                19.200         19.600         19.200         19.300              33.270
26/06/17                19.500         19.500         19.300         19.400              33.440
27/06/17                19.400         19.500         19.200         19.200              33.100
28/06/17                19.200         19.200         18.900         18.900              32.580
29/06/17                18.900         18.900         18.500         18.800              32.410
30/06/17                18.900         18.900         18.600         18.700              32.230
03/07/17                18.700         18.800         18.700         18.800              32.410
04/07/17                18.800         18.800         18.700         18.800              32.410
05/07/17                18.800         18.800         18.500         18.500              31.890
06/07/17                18.600         18.600         18.300         18.600              32.060
07/07/17                18.600         18.600         18.500         18.500              31.890
11/07/17                18.500         18.700         18.400         18.700              32.230
12/07/17                18.700         18.800         18.600         18.600              32.060
13/07/17                18.700         18.900         18.700         18.800              32.410
14/07/17                18.900         19.200         18.900         19.100              32.920
17/07/17                19.300         19.600         19.300         19.500              33.610
18/07/17                19.600         19.600         19.200         19.500              33.610
19/07/17                19.500         19.900         19.400         19.900              34.300
20/07/17                19.900         19.900         19.700         19.800              34.130
21/07/17                19.800         20.100         19.700         20.000              34.480
24/07/17                20.000         20.100         19.700         19.700              33.960
25/07/17                19.800         19.800         19.400         19.700              33.960
26/07/17                19.900         20.000         19.800         19.900              34.300
27/07/17                20.100         20.100         19.700         19.700              33.960
31/07/17                19.700         19.800         19.500         19.700              33.960
01/08/17                19.800         19.800         19.500         19.600              33.790
02/08/17                19.600         19.700         19.500         19.600              33.790
03/08/17                19.600         19.600         19.500         19.500              33.610
04/08/17                19.500         19.800         19.500         19.800              34.130
07/08/17                19.800         19.900         19.700         19.700              33.960
08/08/17                19.800         19.900         19.700         19.700              33.960
09/08/17                19.800         19.800         19.500         19.500              33.610
10/08/17                19.600         19.700         19.500         19.700              33.960
11/08/17                19.800         19.800         19.000         19.000              29.650
15/08/17                19.300         19.400         19.000         19.100              29.810
16/08/17                19.100         19.600         19.100         19.300              30.120
17/08/17                19.500         19.700         19.300         19.400              30.270
18/08/17                19.500         19.500         19.200         19.400              30.270
21/08/17                19.500         19.500         19.000         19.000              29.650
22/08/17                18.900         19.100         18.700         18.900              29.490
23/08/17                19.000         19.000         18.500         18.700              29.180
24/08/17                18.700         18.900         18.600         18.700              29.180
25/08/17                18.700         18.700         18.600         18.700              29.180
28/08/17                18.700         19.100         18.700         19.100              29.810
29/08/17                18.800         18.900         18.500         18.700              29.180
30/08/17                18.800         18.800         18.500         18.700              29.180
31/08/17                18.600         18.700         18.500         18.700              29.180
01/09/17                18.800         18.800         18.500         18.700              29.180
04/09/17                18.700         18.700         18.400         18.500              28.870
05/09/17                18.500         18.900         18.500         18.800              29.340
06/09/17                18.800         18.800         18.500         18.700              29.180
07/09/17                18.700         18.700         18.400         18.500              28.870
08/09/17                18.600         18.600         18.100         18.400              28.710
11/09/17                18.400         18.500         18.100         18.500              28.870
12/09/17                18.600         18.800         18.500         18.800              29.340
13/09/17                18.900         19.000         18.600         18.700              29.180
14/09/17                18.700         18.900         18.500         18.800              29.340
15/09/17                18.800         18.800         18.500         18.800              29.340
18/09/17                18.900         19.400         18.900         19.400              30.270
19/09/17                19.500         19.500         19.100         19.400              30.270
20/09/17                19.500         19.800         19.400         19.500              30.430
21/09/17                19.600         19.700         19.200         19.500              30.430
22/09/17                19.500         19.500         19.200         19.200              29.960
25/09/17                19.300         19.400         19.200         19.300              30.120
26/09/17                19.300         19.300         18.900         19.000              29.650
27/09/17                18.900         19.100         18.900         19.100              29.810
28/09/17                19.100         19.100         19.000         19.000              29.650
29/09/17                19.100         19.300         18.900         19.100              29.810
02/10/17                19.100         19.400         19.100         19.400              30.270
03/10/17                19.400         19.600         19.300         19.500              30.430
04/10/17                19.600         19.600         19.400         19.500              30.430
05/10/17                19.500         19.500         19.400         19.500              30.430
06/10/17                19.500         19.600         19.300         19.500              30.430
09/10/17                19.600         19.600         19.300         19.400              30.270
10/10/17                19.400         19.400         19.200         19.300              30.120
11/10/17                19.400         19.400         18.800         19.000              29.650
12/10/17                19.200         19.300         19.000         19.200              29.960
16/10/17                19.300         19.300         18.800         19.100              29.810
17/10/17                19.200         19.200         18.600         19.100              29.810
18/10/17                19.200         19.800         19.000         19.500              30.430
19/10/17                19.500         19.700         19.200         19.200              29.960
20/10/17                19.200         19.500         19.200         19.200              29.960
24/10/17                19.400         19.700         19.300         19.500              30.430
25/10/17                19.500         20.600         19.400         20.400              31.830
27/10/17                20.400         20.900         20.400         20.600              32.150
30/10/17                20.700         20.800         20.300         20.500              31.990
31/10/17                20.500         21.100         20.500         21.000              32.770
01/11/17                21.000         21.000         20.500         20.600              32.150
02/11/17                20.600         20.600         19.800         20.000              31.210
03/11/17                20.000         20.100         19.500         20.100              31.370
06/11/17                20.100         20.400         19.900         20.300              31.680
07/11/17                20.400         20.500         20.100         20.400              31.830
08/11/17                20.400         20.400         19.700         19.900              31.050
09/11/17                19.900         19.900         19.400         19.500              30.430
10/11/17                19.400         19.800         19.400         19.500              30.430
13/11/17                19.600         20.100         19.000         20.000              28.900
14/11/17                20.000         20.300         19.700         20.300              29.330
15/11/17                20.200         20.500         19.700         20.400              29.470
16/11/17                20.400         20.400         20.100         20.300              29.330
17/11/17                20.500         20.500         20.000         20.000              28.900
20/11/17                20.000         20.500         20.000         20.100              29.040
21/11/17                20.100         20.200         19.700         19.700              28.460
22/11/17                19.800         19.800         19.500         19.500              28.170
23/11/17                19.500         19.600         19.100         19.400              28.030
24/11/17                19.500         19.500         18.900         18.900              27.310
27/11/17                18.800         18.800         18.500         18.500              26.730
28/11/17                18.400         19.000         18.400         18.900              27.310
29/11/17                18.900         19.000         18.400         18.400              26.580
30/11/17                18.400         18.400         17.900         18.300              26.440
01/12/17                18.300         18.400         18.100         18.100              26.150
04/12/17                18.000         18.000         17.700         18.000              26.010
06/12/17                18.000         18.000         17.500         17.600              25.430
07/12/17                17.700         17.800         16.900         17.100              24.710
08/12/17                17.300         17.700         17.300         17.300              24.990
12/12/17                17.500         17.500         16.900         16.900              24.420
13/12/17                16.900         16.900         16.300         16.400              23.690
14/12/17                16.500         16.500         15.100         15.200              21.960
15/12/17                15.600         15.900         15.200         15.500              22.390
18/12/17                15.600         15.800         15.300         15.800              22.830
19/12/17                15.900         16.800         15.900         16.800              24.270
20/12/17                16.700         17.400         16.500         17.400              25.140
21/12/17                17.300         18.200         17.000         18.200              26.300
22/12/17                18.000         18.500         17.800         18.500              26.730
25/12/17                18.400         20.600         18.100         20.000              28.900
26/12/17                19.800         19.800         18.600         18.600              26.870
27/12/17                18.400         18.400         16.800         16.800              24.270
28/12/17                16.900         17.400         16.800         17.100              24.710
29/12/17                17.200         17.600         17.000         17.600              25.430
03/01/18                17.600         17.600         17.100         17.100              24.710
04/01/18                17.100         17.200         16.300         16.500              23.840
05/01/18                16.500         16.600         15.800         16.000              23.120
08/01/18                16.000         16.100         15.100         15.600              22.540
09/01/18                15.700         16.200         15.600         15.800              22.830
10/01/18                15.900         16.000         15.600         15.600              22.540
11/01/18                15.700         15.800         15.500         15.500              22.390
12/01/18                15.600         15.700         15.200         15.400              22.250
15/01/18                15.600         16.000         15.400         15.800              22.830
16/01/18                16.000         16.100         15.800         15.800              22.830
17/01/18                15.800         15.900         15.700         15.700              22.680
18/01/18                15.700         15.800         15.500         15.500              22.390
19/01/18                15.600         15.600         15.200         15.300              22.110
22/01/18                15.300         15.500         15.300         15.300              22.110
23/01/18                15.500         15.700         15.400         15.400              22.250
24/01/18                15.500         16.000         15.500         16.000              23.120
25/01/18                16.200         16.400         16.000         16.100              23.260
26/01/18                16.100         16.100         15.700         15.900              22.970
29/01/18                15.900         15.900         15.700         15.700              22.680
30/01/18                15.800         15.800         15.600         15.600              22.540
31/01/18                15.600         15.700         15.400         15.500              22.390
01/02/18                15.500         15.600         15.400         15.400              22.250
02/02/18                15.400         15.400         14.700         14.700              21.240
05/02/18                14.400         14.700         14.300         14.400              20.800
06/02/18                14.000         14.200         13.800         14.000              20.230
07/02/18                14.500         14.600         14.100         14.100              20.370
08/02/18                14.200         14.400         14.000         14.000              20.230
09/02/18                13.800         14.000         13.600         13.900              20.080
12/02/18                13.900         14.000         13.600         13.700              19.790
13/02/18                13.800         13.800         13.100         13.300              19.220
14/02/18                13.500         14.000         13.500         13.600              19.650
15/02/18                13.700         13.900         13.200         13.200              19.070
16/02/18                13.500         13.500         12.300         12.400              18.270
19/02/18                12.500         12.700         11.200         11.600              17.090
20/02/18                11.900         12.500         11.800         12.000              17.680
21/02/18                12.100         12.200         11.400         11.600              17.090
22/02/18                11.500         11.600         10.700         10.700              15.770
23/02/18                10.800         11.400         10.800         11.000              16.210
26/02/18                11.100         12.000         11.100         11.500              16.950
27/02/18                11.600         11.700         11.100         11.200              16.500
28/02/18                11.200         11.300         11.100         11.100              16.360
02/03/18                11.100         11.300         10.900         11.100              16.360
05/03/18                11.200         11.300         10.700         10.700              15.770
06/03/18                10.800         11.200         10.800         11.000              16.210
07/03/18                11.000         11.100         10.800         10.800              15.910
08/03/18                10.900         11.200         10.800         11.000              16.210
09/03/18                11.100         11.300         10.800         10.800              15.910
12/03/18                10.900         11.000         10.700         10.800              15.910
13/03/18                10.900         11.300         10.800         11.200              16.500
14/03/18                11.400         11.600         11.200         11.400              16.800
15/03/18                11.500         11.600         11.200         11.300              16.650
16/03/18                11.300         11.400         11.100         11.100              16.360
19/03/18                10.800         11.100         10.800         11.000              16.210
20/03/18                10.900         11.200         10.800         10.800              15.910
21/03/18                10.900         11.000         10.700         10.700              15.770
22/03/18                10.800         11.100         10.800         10.900              16.060
23/03/18                10.800         11.400         10.800         11.300              16.650
26/03/18                11.300         12.000         11.300         12.000              17.680
27/03/18                12.100         12.400         11.700         11.700              17.240
28/03/18                11.400         11.400         10.300         10.400              15.330
29/03/18                 9.600          9.900          9.450          9.800              14.440
30/03/18                10.000         10.800         10.000         10.800              15.910
02/04/18                10.700         10.800         10.200         10.300              15.180
03/04/18                10.100         10.400          9.950         10.100              14.880
04/04/18                10.100         10.200          9.850          9.850              14.510
05/04/18                 9.900          9.950          9.700          9.750              14.370
09/04/18                 9.750         10.200          9.700         10.000              14.740
10/04/18                10.100         10.200          9.850         10.100              14.880
11/04/18                10.100         10.200          9.900          9.950              14.660
12/04/18                 9.950         10.000          9.800          9.950              14.660
17/04/18                 9.950         10.300          9.950         10.300              15.180
18/04/18                10.300         10.400         10.000         10.200              15.030
19/04/18                10.200         10.300         10.100         10.300              15.180
20/04/18                10.300         10.400         10.100         10.200              15.030
23/04/18                10.300         10.700         10.200         10.400              15.330
24/04/18                10.500         10.500         10.200         10.200              15.030
25/04/18                10.200         10.300         10.000         10.000              14.740
26/04/18                10.100         10.100         10.000         10.000              14.740
27/04/18                10.100         10.200          9.900          9.900              14.590
30/04/18                 9.900         10.000          9.850          9.850              14.510
02/05/18                 9.850          9.950          9.850          9.900              14.590
03/05/18                 9.950          9.950          9.800          9.800              14.440
04/05/18                 9.850          9.900          9.800          9.800              14.440
07/05/18                 9.850          9.850          9.700          9.700              14.290
08/05/18                 9.700          9.750          9.500          9.550              14.070
09/05/18                 9.600          9.900          9.600          9.850              14.510
10/05/18                 9.900          9.900          9.800          9.800              14.440
11/05/18                 9.900         10.100          9.750          9.750              14.020
